{
  "MobileViT-v2-150 | eyes_left": {
    "acc_mean": 0.5771000000000001,
    "acc_std": 0.003418576701884344,
    "macro_f1_mean": 0.5752746269888038,
    "macro_f1_std": 0.003299648962473734,
    "cm_normalized": [
      [
        0.6289333333333333,
        0.10186666666666666,
        0.13493333333333332,
        0.13426666666666667
      ],
      [
        0.12733333333333333,
        0.5057333333333333,
        0.1516,
        0.21533333333333335
      ],
      [
        0.1628,
        0.15853333333333333,
        0.5089333333333333,
        0.16973333333333332
      ],
      [
        0.092,
        0.1628,
        0.0804,
        0.6648
      ]
    ],
    "kmeans_ari": 0.040391875696568304,
    "pca_explained_var": 0.9800524115562439,
    "n_samples_used": 30000,
    "pca_dim": 256
  },
  "MobileViT-v2-150 | eyes_right": {
    "acc_mean": 0.5823,
    "acc_std": 0.0023036203390894403,
    "macro_f1_mean": 0.5807967709957137,
    "macro_f1_std": 0.0021635362112815415,
    "cm_normalized": [
      [
        0.6401333333333333,
        0.09586666666666667,
        0.12053333333333333,
        0.1434666666666667
      ],
      [
        0.11786666666666668,
        0.506,
        0.164,
        0.21213333333333334
      ],
      [
        0.14373333333333332,
        0.16506666666666667,
        0.5248,
        0.1664
      ],
      [
        0.1088,
        0.152,
        0.08093333333333334,
        0.6582666666666667
      ]
    ],
    "kmeans_ari": 0.024939767247542592,
    "pca_explained_var": 0.980202317237854,
    "n_samples_used": 30000,
    "pca_dim": 256
  },
  "MobileViT-v2-150 | nose": {
    "acc_mean": 0.6871,
    "acc_std": 0.0033674916480965424,
    "macro_f1_mean": 0.6854641574488194,
    "macro_f1_std": 0.003197183525503614,
    "cm_normalized": [
      [
        0.8558666666666666,
        0.06213333333333334,
        0.053066666666666665,
        0.028933333333333332
      ],
      [
        0.0796,
        0.5929333333333333,
        0.14373333333333332,
        0.18373333333333333
      ],
      [
        0.06986666666666666,
        0.1304,
        0.5885333333333334,
        0.2112
      ],
      [
        0.0264,
        0.10013333333333334,
        0.1624,
        0.7110666666666667
      ]
    ],
    "kmeans_ari": 0.07624232928043875,
    "pca_explained_var": 0.9830771088600159,
    "n_samples_used": 30000,
    "pca_dim": 256
  },
  "MobileViT-v2-150 | mouth": {
    "acc_mean": 0.7185,
    "acc_std": 0.002981051268708181,
    "macro_f1_mean": 0.7157582983384269,
    "macro_f1_std": 0.0030187848637489587,
    "cm_normalized": [
      [
        0.8929333333333332,
        0.04933333333333332,
        0.040799999999999996,
        0.01693333333333333
      ],
      [
        0.078,
        0.6258666666666667,
        0.12093333333333332,
        0.1752
      ],
      [
        0.07813333333333333,
        0.12533333333333332,
        0.6053333333333333,
        0.1912
      ],
      [
        0.019333333333333334,
        0.09386666666666667,
        0.13693333333333332,
        0.7498666666666667
      ]
    ],
    "kmeans_ari": 0.18392768376844845,
    "pca_explained_var": 0.9829503297805786,
    "n_samples_used": 30000,
    "pca_dim": 256
  },
  "MobileViT-v2-150 | forehead": {
    "acc_mean": 0.3901666666666667,
    "acc_std": 0.002441766209575,
    "macro_f1_mean": 0.3896997554526984,
    "macro_f1_std": 0.0025911888572043747,
    "cm_normalized": [
      [
        0.36773333333333336,
        0.182,
        0.1368,
        0.31346666666666667
      ],
      [
        0.16906666666666667,
        0.39586666666666664,
        0.27466666666666667,
        0.1604
      ],
      [
        0.13639999999999997,
        0.24919999999999995,
        0.46546666666666664,
        0.1489333333333333
      ],
      [
        0.3433333333333333,
        0.1768,
        0.14826666666666669,
        0.3316
      ]
    ],
    "kmeans_ari": 0.0016767205341061285,
    "pca_explained_var": 0.9744997620582581,
    "n_samples_used": 30000,
    "pca_dim": 256
  },
  "MobileViT-v2-150 | chin": {
    "acc_mean": 0.5438666666666667,
    "acc_std": 0.006745533501675198,
    "macro_f1_mean": 0.5407460857030693,
    "macro_f1_std": 0.006276055249333081,
    "cm_normalized": [
      [
        0.692,
        0.13093333333333332,
        0.07386666666666666,
        0.1032
      ],
      [
        0.20426666666666668,
        0.4293333333333333,
        0.1512,
        0.2152
      ],
      [
        0.12986666666666669,
        0.142,
        0.5266666666666667,
        0.20146666666666668
      ],
      [
        0.13546666666666668,
        0.1684,
        0.1686666666666667,
        0.5274666666666668
      ]
    ],
    "kmeans_ari": 0.00547259407351347,
    "pca_explained_var": 0.9740867614746094,
    "n_samples_used": 30000,
    "pca_dim": 256
  },
  "MobileViT-v2-150 | cheek_left": {
    "acc_mean": 0.5736666666666667,
    "acc_std": 0.0026042699979499876,
    "macro_f1_mean": 0.568533583946219,
    "macro_f1_std": 0.002985241430578627,
    "cm_normalized": [
      [
        0.8016,
        0.0736,
        0.09253333333333334,
        0.032266666666666666
      ],
      [
        0.10493333333333332,
        0.4597333333333333,
        0.17613333333333334,
        0.2592
      ],
      [
        0.13786666666666667,
        0.184,
        0.4189333333333333,
        0.2592
      ],
      [
        0.0348,
        0.17146666666666668,
        0.17933333333333332,
        0.6144
      ]
    ],
    "kmeans_ari": 0.010294848337312968,
    "pca_explained_var": 0.9774217009544373,
    "n_samples_used": 30000,
    "pca_dim": 256
  },
  "MobileViT-v2-150 | cheek_right": {
    "acc_mean": 0.5961,
    "acc_std": 0.0006164414002968777,
    "macro_f1_mean": 0.5920113297558609,
    "macro_f1_std": 0.00044301897830463407,
    "cm_normalized": [
      [
        0.8133333333333335,
        0.07333333333333335,
        0.08346666666666668,
        0.029866666666666673
      ],
      [
        0.1016,
        0.4834666666666667,
        0.1684,
        0.24653333333333335
      ],
      [
        0.11746666666666668,
        0.18733333333333332,
        0.4576,
        0.2376
      ],
      [
        0.03413333333333333,
        0.16093333333333332,
        0.17493333333333333,
        0.63
      ]
    ],
    "kmeans_ari": 0.013213714133006786,
    "pca_explained_var": 0.9794681668281555,
    "n_samples_used": 30000,
    "pca_dim": 256
  },
  "MobileViT-v2-150 | POOLED-8region": {
    "acc_mean": 0.8022333333333332,
    "acc_std": 0.0016213848676020508,
    "macro_f1_mean": 0.8012236617646541,
    "macro_f1_std": 0.0018460428071510081,
    "cm_normalized": [
      [
        0.9290666666666668,
        0.03226666666666667,
        0.02186666666666667,
        0.016800000000000002
      ],
      [
        0.044533333333333334,
        0.7122666666666667,
        0.1168,
        0.1264
      ],
      [
        0.030266666666666667,
        0.104,
        0.7394666666666667,
        0.12626666666666667
      ],
      [
        0.017866666666666666,
        0.082,
        0.072,
        0.8281333333333334
      ]
    ],
    "kmeans_ari": 0.08020762033176364,
    "pca_explained_var": 0.6985278129577637,
    "n_samples_used": 30000,
    "pca_dim": 256
  },
  "ConvNeXt-base-22k | eyes_left": {
    "acc_mean": 0.6150333333333334,
    "acc_std": 0.0034836124290103564,
    "macro_f1_mean": 0.6131199804871893,
    "macro_f1_std": 0.0037392685539505534,
    "cm_normalized": [
      [
        0.6750666666666667,
        0.08706666666666667,
        0.1252,
        0.11266666666666668
      ],
      [
        0.10386666666666668,
        0.566,
        0.1317333333333333,
        0.1984
      ],
      [
        0.15773333333333336,
        0.1506666666666667,
        0.5209333333333334,
        0.17066666666666672
      ],
      [
        0.0824,
        0.14653333333333332,
        0.07293333333333334,
        0.6981333333333333
      ]
    ],
    "kmeans_ari": 0.018304147431840542,
    "pca_explained_var": 0.9622696042060852,
    "n_samples_used": 30000,
    "pca_dim": 256
  },
  "ConvNeXt-base-22k | eyes_right": {
    "acc_mean": 0.6171333333333333,
    "acc_std": 0.0006548960901463016,
    "macro_f1_mean": 0.6154360497977915,
    "macro_f1_std": 0.0006901531376435578,
    "cm_normalized": [
      [
        0.6684,
        0.08426666666666666,
        0.13146666666666668,
        0.11586666666666667
      ],
      [
        0.09533333333333334,
        0.5862666666666667,
        0.124,
        0.1944
      ],
      [
        0.16066666666666668,
        0.14546666666666666,
        0.5173333333333333,
        0.17653333333333332
      ],
      [
        0.0808,
        0.14533333333333331,
        0.07733333333333334,
        0.6965333333333333
      ]
    ],
    "kmeans_ari": 0.019155705015381157,
    "pca_explained_var": 0.9636761546134949,
    "n_samples_used": 30000,
    "pca_dim": 256
  },
  "ConvNeXt-base-22k | nose": {
    "acc_mean": 0.7501333333333333,
    "acc_std": 0.003073904502239605,
    "macro_f1_mean": 0.7481746396947441,
    "macro_f1_std": 0.003004967696098489,
    "cm_normalized": [
      [
        0.9053333333333334,
        0.042666666666666665,
        0.03413333333333333,
        0.017866666666666666
      ],
      [
        0.061999999999999986,
        0.6554666666666665,
        0.11799999999999998,
        0.1645333333333333
      ],
      [
        0.05413333333333334,
        0.12013333333333333,
        0.6484,
        0.17733333333333332
      ],
      [
        0.0176,
        0.07693333333333334,
        0.11413333333333332,
        0.7913333333333333
      ]
    ],
    "kmeans_ari": 0.0703172493657014,
    "pca_explained_var": 0.9712597727775574,
    "n_samples_used": 30000,
    "pca_dim": 256
  },
  "ConvNeXt-base-22k | mouth": {
    "acc_mean": 0.7520333333333333,
    "acc_std": 0.0016357125528513737,
    "macro_f1_mean": 0.7492866456052601,
    "macro_f1_std": 0.0017676811985914292,
    "cm_normalized": [
      [
        0.9086666666666666,
        0.04853333333333333,
        0.03093333333333333,
        0.011866666666666668
      ],
      [
        0.06986666666666665,
        0.6506666666666666,
        0.12093333333333331,
        0.1585333333333333
      ],
      [
        0.06386666666666667,
        0.124,
        0.6430666666666667,
        0.16906666666666667
      ],
      [
        0.016266666666666665,
        0.07493333333333334,
        0.10306666666666667,
        0.8057333333333333
      ]
    ],
    "kmeans_ari": 0.08211482060755886,
    "pca_explained_var": 0.96692955493927,
    "n_samples_used": 30000,
    "pca_dim": 256
  },
  "ConvNeXt-base-22k | forehead": {
    "acc_mean": 0.45016666666666666,
    "acc_std": 0.0029169999809545446,
    "macro_f1_mean": 0.45058811804023696,
    "macro_f1_std": 0.002895758857039414,
    "cm_normalized": [
      [
        0.4234666666666667,
        0.14213333333333333,
        0.10186666666666666,
        0.33253333333333335
      ],
      [
        0.14706666666666668,
        0.4549333333333333,
        0.25573333333333337,
        0.14226666666666668
      ],
      [
        0.11346666666666666,
        0.2445333333333333,
        0.5098666666666666,
        0.1321333333333333
      ],
      [
        0.3373333333333334,
        0.1448,
        0.10546666666666668,
        0.4124
      ]
    ],
    "kmeans_ari": 0.00042708760684254045,
    "pca_explained_var": 0.9387699365615845,
    "n_samples_used": 30000,
    "pca_dim": 256
  },
  "ConvNeXt-base-22k | chin": {
    "acc_mean": 0.5672333333333333,
    "acc_std": 0.004910080334260172,
    "macro_f1_mean": 0.5634880622708255,
    "macro_f1_std": 0.004451183652284764,
    "cm_normalized": [
      [
        0.7537333333333333,
        0.11653333333333332,
        0.05853333333333334,
        0.0712
      ],
      [
        0.1768,
        0.4434666666666667,
        0.14066666666666666,
        0.23906666666666665
      ],
      [
        0.11653333333333332,
        0.1408,
        0.5246666666666667,
        0.218
      ],
      [
        0.09706666666666666,
        0.17813333333333334,
        0.17773333333333333,
        0.5470666666666667
      ]
    ],
    "kmeans_ari": 0.0019059905102227768,
    "pca_explained_var": 0.9463261365890503,
    "n_samples_used": 30000,
    "pca_dim": 256
  },
  "ConvNeXt-base-22k | cheek_left": {
    "acc_mean": 0.6194333333333333,
    "acc_std": 0.005853963519606952,
    "macro_f1_mean": 0.6150643060616422,
    "macro_f1_std": 0.005362252798199522,
    "cm_normalized": [
      [
        0.8624000000000002,
        0.05346666666666667,
        0.060666666666666674,
        0.02346666666666667
      ],
      [
        0.07773333333333333,
        0.4848,
        0.17813333333333334,
        0.25933333333333336
      ],
      [
        0.094,
        0.18373333333333333,
        0.4724,
        0.24986666666666665
      ],
      [
        0.0196,
        0.1528,
        0.16946666666666668,
        0.6581333333333333
      ]
    ],
    "kmeans_ari": 0.023460831400292047,
    "pca_explained_var": 0.95450758934021,
    "n_samples_used": 30000,
    "pca_dim": 256
  },
  "ConvNeXt-base-22k | cheek_right": {
    "acc_mean": 0.6144666666666666,
    "acc_std": 0.002993697082575707,
    "macro_f1_mean": 0.6101866772301238,
    "macro_f1_std": 0.002991585429117249,
    "cm_normalized": [
      [
        0.8557333333333333,
        0.0564,
        0.06146666666666666,
        0.0264
      ],
      [
        0.08093333333333334,
        0.4784,
        0.17346666666666669,
        0.2672
      ],
      [
        0.09586666666666667,
        0.17893333333333333,
        0.4726666666666667,
        0.25253333333333333
      ],
      [
        0.0204,
        0.1512,
        0.17733333333333332,
        0.6510666666666667
      ]
    ],
    "kmeans_ari": 0.023760987440175747,
    "pca_explained_var": 0.9539026021957397,
    "n_samples_used": 30000,
    "pca_dim": 256
  },
  "ConvNeXt-base-22k | POOLED-8region": {
    "acc_mean": 0.8153666666666667,
    "acc_std": 0.0026637484032009727,
    "macro_f1_mean": 0.814546898275417,
    "macro_f1_std": 0.002709080558884491,
    "cm_normalized": [
      [
        0.9345333333333334,
        0.0296,
        0.0192,
        0.016666666666666666
      ],
      [
        0.04053333333333333,
        0.7430666666666667,
        0.10386666666666668,
        0.11253333333333333
      ],
      [
        0.027733333333333332,
        0.1008,
        0.7412,
        0.13026666666666667
      ],
      [
        0.0136,
        0.06893333333333333,
        0.0748,
        0.8426666666666666
      ]
    ],
    "kmeans_ari": 0.061740470884974634,
    "pca_explained_var": 0.8126099109649658,
    "n_samples_used": 30000,
    "pca_dim": 256
  },
  "[Baseline] Random uniform": {
    "acc_mean": 0.25,
    "acc_std": 0.0,
    "macro_f1_mean": 0.25,
    "macro_f1_std": 0.0,
    "kmeans_ari": 0.0
  }
}