{
  "experiment_id": "phase0_01",
  "date": "2026-04-21T12:17:10.472991",
  "seed": 42,
  "per_region": {
    "eyes_left|mobilevitv2_150": {
      "pca": {
        "explained_variance_ratio": [
          0.08957290649414062,
          0.081290602684021,
          0.0539923794567585,
          0.04710382968187332,
          0.04076048731803894,
          0.034685563296079636,
          0.030628908425569534,
          0.026947185397148132,
          0.02457604929804802,
          0.022650716826319695,
          0.019120320677757263,
          0.017061946913599968,
          0.014494533650577068,
          0.01433576550334692,
          0.013509646989405155,
          0.012306664139032364,
          0.011851288378238678,
          0.011609434150159359,
          0.011211720295250416,
          0.01034579984843731
        ],
        "cumulative": [
          0.08957290649414062,
          0.17086350917816162,
          0.22485588490962982,
          0.27195972204208374,
          0.3127202093601227,
          0.3474057614803314,
          0.37803468108177185,
          0.4049818515777588,
          0.4295578896999359,
          0.45220860838890076,
          0.4713289141654968,
          0.48839086294174194,
          0.5028854012489319,
          0.5172211527824402,
          0.5307307839393616,
          0.543037474155426,
          0.5548887848854065,
          0.5664982199668884,
          0.5777099132537842,
          0.5880557298660278
        ],
        "top1": 0.08957290649414062,
        "top10_cum": 0.45220860838890076
      },
      "centroid": {
        "classes": [
          0,
          1,
          2,
          3
        ],
        "cosine_sim_matrix": [
          [
            0.9999999403953552,
            0.9851835370063782,
            0.9929052591323853,
            0.9764734506607056
          ],
          [
            0.9851835370063782,
            1.0000001192092896,
            0.9857298135757446,
            0.9944919347763062
          ],
          [
            0.9929052591323853,
            0.9857298135757446,
            1.0000001192092896,
            0.9704883098602295
          ],
          [
            0.9764734506607056,
            0.9944919347763062,
            0.9704883098602295,
            1.0
          ]
        ],
        "euclidean_matrix": [
          [
            0.0,
            1.160165548324585,
            0.8276862502098083,
            1.4881930351257324
          ],
          [
            1.160165548324585,
            0.0,
            1.117256760597229,
            0.7578925490379333
          ],
          [
            0.8276862502098083,
            1.117256760597229,
            0.0,
            1.6734790802001953
          ],
          [
            1.4881930351257324,
            0.7578925490379333,
            1.6734790802001953,
            0.0
          ]
        ],
        "cos_sim_offdiag_mean": 0.9842121005058289,
        "cos_sim_offdiag_min": 0.9704883098602295,
        "intra_class_std_mean": [
          0.18204498291015625,
          0.1827109307050705,
          0.18660227954387665,
          0.1719846874475479
        ]
      },
      "silhouette_cos": -0.01959378831088543,
      "classes_ko": [
        "기쁨",
        "분노",
        "슬픔",
        "중립"
      ]
    },
    "eyes_right|mobilevitv2_150": {
      "pca": {
        "explained_variance_ratio": [
          0.09278146922588348,
          0.06872034817934036,
          0.05820777267217636,
          0.05222078412771225,
          0.03787629306316376,
          0.030934898182749748,
          0.030324891209602356,
          0.02722630277276039,
          0.025132836773991585,
          0.021003523841500282,
          0.01946932077407837,
          0.01677917316555977,
          0.016636302694678307,
          0.014828895218670368,
          0.014357062056660652,
          0.013259832747280598,
          0.011821375228464603,
          0.011679061688482761,
          0.011535635218024254,
          0.01109176967293024
        ],
        "cumulative": [
          0.09278146922588348,
          0.16150182485580444,
          0.2197096049785614,
          0.27193039655685425,
          0.3098067045211792,
          0.3407416045665741,
          0.37106651067733765,
          0.39829280972480774,
          0.4234256446361542,
          0.4444291591644287,
          0.4638984799385071,
          0.48067766427993774,
          0.4973139762878418,
          0.5121428966522217,
          0.5264999866485596,
          0.5397598147392273,
          0.5515812039375305,
          0.5632602572441101,
          0.5747959017753601,
          0.5858876705169678
        ],
        "top1": 0.09278146922588348,
        "top10_cum": 0.4444291293621063
      },
      "centroid": {
        "classes": [
          0,
          1,
          2,
          3
        ],
        "cosine_sim_matrix": [
          [
            0.9999998211860657,
            0.9865195751190186,
            0.9912083148956299,
            0.9814813137054443
          ],
          [
            0.9865195751190186,
            0.9999998211860657,
            0.9883962273597717,
            0.993799090385437
          ],
          [
            0.9912083148956299,
            0.9883962273597717,
            1.0000001192092896,
            0.9747698307037354
          ],
          [
            0.9814813137054443,
            0.993799090385437,
            0.9747698307037354,
            1.0
          ]
        ],
        "euclidean_matrix": [
          [
            0.0,
            1.183323621749878,
            0.997684895992279,
            1.3430628776550293
          ],
          [
            1.183323621749878,
            0.0,
            1.0014127492904663,
            0.8456537127494812
          ],
          [
            0.997684895992279,
            1.0014127492904663,
            0.0,
            1.574605941772461
          ],
          [
            1.3430628776550293,
            0.8456537127494812,
            1.574605941772461,
            0.0
          ]
        ],
        "cos_sim_offdiag_mean": 0.9860289692878723,
        "cos_sim_offdiag_min": 0.9747698307037354,
        "intra_class_std_mean": [
          0.17769014835357666,
          0.17994314432144165,
          0.18492712080478668,
          0.17054052650928497
        ]
      },
      "silhouette_cos": -0.023193148896098137,
      "classes_ko": [
        "기쁨",
        "분노",
        "슬픔",
        "중립"
      ]
    },
    "nose|mobilevitv2_150": {
      "pca": {
        "explained_variance_ratio": [
          0.1451951116323471,
          0.10013087093830109,
          0.06318487226963043,
          0.04707454517483711,
          0.03510246053338051,
          0.0304213035851717,
          0.027684886008501053,
          0.024477854371070862,
          0.02165447734296322,
          0.019887404516339302,
          0.018323762342333794,
          0.016684750095009804,
          0.014273153617978096,
          0.013634365983307362,
          0.013120636343955994,
          0.011738009750843048,
          0.011582850478589535,
          0.010781207121908665,
          0.009775486774742603,
          0.009453321807086468
        ],
        "cumulative": [
          0.1451951116323471,
          0.2453259825706482,
          0.30851083993911743,
          0.35558539628982544,
          0.39068785309791565,
          0.4211091697216034,
          0.44879406690597534,
          0.473271906375885,
          0.494926393032074,
          0.5148137807846069,
          0.5331375598907471,
          0.5498223304748535,
          0.5640954971313477,
          0.5777298808097839,
          0.5908505320549011,
          0.6025885343551636,
          0.6141713857650757,
          0.6249526143074036,
          0.6347280740737915,
          0.6441813707351685
        ],
        "top1": 0.1451951116323471,
        "top10_cum": 0.5148137807846069
      },
      "centroid": {
        "classes": [
          0,
          1,
          2,
          3
        ],
        "cosine_sim_matrix": [
          [
            0.9999997019767761,
            0.9579923748970032,
            0.9263190627098083,
            0.9200812578201294
          ],
          [
            0.9579923748970032,
            0.9999997019767761,
            0.9755662679672241,
            0.9683027863502502
          ],
          [
            0.9263190627098083,
            0.9755662679672241,
            0.9999997019767761,
            0.9911453127861023
          ],
          [
            0.9200812578201294,
            0.9683027863502502,
            0.9911453127861023,
            0.9999998807907104
          ]
        ],
        "euclidean_matrix": [
          [
            0.0,
            1.8405756950378418,
            2.404813766479492,
            2.5422935485839844
          ],
          [
            1.8405756950378418,
            0.0,
            1.3948644399642944,
            1.5957766771316528
          ],
          [
            2.404813766479492,
            1.3948644399642944,
            0.0,
            0.8749381303787231
          ],
          [
            2.5422935485839844,
            1.5957766771316528,
            0.8749381303787231,
            0.0
          ]
        ],
        "cos_sim_offdiag_mean": 0.9565678238868713,
        "cos_sim_offdiag_min": 0.9200812578201294,
        "intra_class_std_mean": [
          0.18968315422534943,
          0.18131035566329956,
          0.17562663555145264,
          0.16937251389026642
        ]
      },
      "silhouette_cos": -0.005908055696636438,
      "classes_ko": [
        "기쁨",
        "분노",
        "슬픔",
        "중립"
      ]
    },
    "mouth|mobilevitv2_150": {
      "pca": {
        "explained_variance_ratio": [
          0.12753240764141083,
          0.08470958471298218,
          0.05863957107067108,
          0.05555057153105736,
          0.04094746708869934,
          0.03782430291175842,
          0.032493237406015396,
          0.024115514010190964,
          0.02307344414293766,
          0.020958874374628067,
          0.019167641177773476,
          0.018226448446512222,
          0.015562910586595535,
          0.014744246378540993,
          0.012970979325473309,
          0.011789086274802685,
          0.010703356936573982,
          0.010316113941371441,
          0.0096155796200037,
          0.009006083011627197
        ],
        "cumulative": [
          0.12753240764141083,
          0.212241992354393,
          0.2708815634250641,
          0.32643213868141174,
          0.3673796057701111,
          0.4052039086818695,
          0.4376971423625946,
          0.4618126451969147,
          0.4848860800266266,
          0.5058449506759644,
          0.5250126123428345,
          0.5432390570640564,
          0.5588019490242004,
          0.5735461711883545,
          0.5865171551704407,
          0.5983062386512756,
          0.6090096235275269,
          0.6193257570266724,
          0.6289413571357727,
          0.6379474401473999
        ],
        "top1": 0.12753240764141083,
        "top10_cum": 0.5058450102806091
      },
      "centroid": {
        "classes": [
          0,
          1,
          2,
          3
        ],
        "cosine_sim_matrix": [
          [
            0.9999997019767761,
            0.9452457427978516,
            0.9112889170646667,
            0.8862302899360657
          ],
          [
            0.9452457427978516,
            1.0000001192092896,
            0.9683176875114441,
            0.9633171558380127
          ],
          [
            0.9112889170646667,
            0.9683176875114441,
            1.000000238418579,
            0.9804694056510925
          ],
          [
            0.8862302899360657,
            0.9633171558380127,
            0.9804694056510925,
            0.9999999403953552
          ]
        ],
        "euclidean_matrix": [
          [
            0.0,
            2.253605604171753,
            2.846743583679199,
            3.2762279510498047
          ],
          [
            2.253605604171753,
            0.0,
            1.6248977184295654,
            1.837226152420044
          ],
          [
            2.846743583679199,
            1.6248977184295654,
            0.0,
            1.3658994436264038
          ],
          [
            3.2762279510498047,
            1.837226152420044,
            1.3658994436264038,
            0.0
          ]
        ],
        "cos_sim_offdiag_mean": 0.9424781799316406,
        "cos_sim_offdiag_min": 0.8862302899360657,
        "intra_class_std_mean": [
          0.1905902475118637,
          0.19073708355426788,
          0.18980737030506134,
          0.17388969659805298
        ]
      },
      "silhouette_cos": 0.009397138841450214,
      "classes_ko": [
        "기쁨",
        "분노",
        "슬픔",
        "중립"
      ]
    },
    "forehead|mobilevitv2_150": {
      "pca": {
        "explained_variance_ratio": [
          0.1009671613574028,
          0.06294770538806915,
          0.04770397022366524,
          0.04574825242161751,
          0.03851443529129028,
          0.029683997854590416,
          0.02272910252213478,
          0.021005261689424515,
          0.020131591707468033,
          0.017488526180386543,
          0.01695576123893261,
          0.015502684749662876,
          0.015054936520755291,
          0.014487736858427525,
          0.012495174072682858,
          0.011979089118540287,
          0.011570945382118225,
          0.010517335496842861,
          0.009811775758862495,
          0.009718443267047405
        ],
        "cumulative": [
          0.1009671613574028,
          0.16391485929489136,
          0.2116188257932663,
          0.2573670744895935,
          0.2958815097808838,
          0.32556551694869995,
          0.34829461574554443,
          0.36929988861083984,
          0.3894314765930176,
          0.40692001581192017,
          0.4238757789134979,
          0.4393784701824188,
          0.454433411359787,
          0.46892115473747253,
          0.4814163148403168,
          0.4933954179286957,
          0.5049663782119751,
          0.5154837369918823,
          0.5252954959869385,
          0.5350139141082764
        ],
        "top1": 0.1009671613574028,
        "top10_cum": 0.40692001581192017
      },
      "centroid": {
        "classes": [
          0,
          1,
          2,
          3
        ],
        "cosine_sim_matrix": [
          [
            0.9999998211860657,
            0.9876489639282227,
            0.9802047610282898,
            0.999700129032135
          ],
          [
            0.9876489639282227,
            1.0,
            0.9944189786911011,
            0.988525927066803
          ],
          [
            0.9802047610282898,
            0.9944189786911011,
            0.9999998211860657,
            0.9815810918807983
          ],
          [
            0.999700129032135,
            0.988525927066803,
            0.9815810918807983,
            1.0000001192092896
          ]
        ],
        "euclidean_matrix": [
          [
            0.0,
            0.7257858514785767,
            0.9116744995117188,
            0.11276239901781082
          ],
          [
            0.7257858514785767,
            0.0,
            0.4803977310657501,
            0.7010422945022583
          ],
          [
            0.9116744995117188,
            0.4803977310657501,
            0.0,
            0.8799425363540649
          ],
          [
            0.11276239901781082,
            0.7010422945022583,
            0.8799425363540649,
            0.0
          ]
        ],
        "cos_sim_offdiag_mean": 0.9886799454689026,
        "cos_sim_offdiag_min": 0.9802047610282898,
        "intra_class_std_mean": [
          0.20247428119182587,
          0.20493710041046143,
          0.20538170635700226,
          0.20216067135334015
        ]
      },
      "silhouette_cos": -0.008456695824861526,
      "classes_ko": [
        "기쁨",
        "분노",
        "슬픔",
        "중립"
      ]
    },
    "chin|mobilevitv2_150": {
      "pca": {
        "explained_variance_ratio": [
          0.0970950722694397,
          0.06558658927679062,
          0.05257417634129524,
          0.04112592712044716,
          0.03614642471075058,
          0.02871773950755596,
          0.025182386860251427,
          0.022674426436424255,
          0.02012326568365097,
          0.018730144947767258,
          0.017264045774936676,
          0.016990214586257935,
          0.014914996922016144,
          0.014073801226913929,
          0.013413738459348679,
          0.012212036177515984,
          0.011309448629617691,
          0.010672438889741898,
          0.01019828487187624,
          0.00995104480534792
        ],
        "cumulative": [
          0.0970950722694397,
          0.1626816689968109,
          0.21525584161281586,
          0.2563817799091339,
          0.2925282120704651,
          0.321245938539505,
          0.3464283347129822,
          0.3691027760505676,
          0.3892260491847992,
          0.40795618295669556,
          0.42522022128105164,
          0.44221043586730957,
          0.4571254253387451,
          0.4711992144584656,
          0.48461294174194336,
          0.4968249797821045,
          0.5081344246864319,
          0.5188068747520447,
          0.5290051698684692,
          0.5389562249183655
        ],
        "top1": 0.0970950722694397,
        "top10_cum": 0.40795618295669556
      },
      "centroid": {
        "classes": [
          0,
          1,
          2,
          3
        ],
        "cosine_sim_matrix": [
          [
            1.0000001192092896,
            0.987287700176239,
            0.9757751226425171,
            0.9783490896224976
          ],
          [
            0.987287700176239,
            1.0,
            0.976844847202301,
            0.9871278405189514
          ],
          [
            0.9757751226425171,
            0.976844847202301,
            1.0,
            0.9784068465232849
          ],
          [
            0.9783490896224976,
            0.9871278405189514,
            0.9784068465232849,
            0.9999998807907104
          ]
        ],
        "euclidean_matrix": [
          [
            0.0,
            0.8745819926261902,
            1.2095520496368408,
            1.1399834156036377
          ],
          [
            0.8745819926261902,
            0.0,
            1.1654362678527832,
            0.8724801540374756
          ],
          [
            1.2095520496368408,
            1.1654362678527832,
            0.0,
            1.1255463361740112
          ],
          [
            1.1399834156036377,
            0.8724801540374756,
            1.1255463361740112,
            0.0
          ]
        ],
        "cos_sim_offdiag_mean": 0.9806318879127502,
        "cos_sim_offdiag_min": 0.9757751226425171,
        "intra_class_std_mean": [
          0.19135743379592896,
          0.19927799701690674,
          0.20118658244609833,
          0.1933731585741043
        ]
      },
      "silhouette_cos": -0.008652511052787304,
      "classes_ko": [
        "기쁨",
        "분노",
        "슬픔",
        "중립"
      ]
    },
    "cheek_left|mobilevitv2_150": {
      "pca": {
        "explained_variance_ratio": [
          0.10553228110074997,
          0.05257507413625717,
          0.04955032467842102,
          0.04651392251253128,
          0.036753587424755096,
          0.03385554626584053,
          0.029399773105978966,
          0.028452297672629356,
          0.024875925853848457,
          0.023933161050081253,
          0.01953325979411602,
          0.018009087070822716,
          0.015649233013391495,
          0.014224082231521606,
          0.013793440535664558,
          0.012793734669685364,
          0.012243412435054779,
          0.01153105590492487,
          0.01090354286134243,
          0.01031463872641325
        ],
        "cumulative": [
          0.10553228110074997,
          0.15810735523700714,
          0.20765767991542816,
          0.25417160987854004,
          0.29092520475387573,
          0.32478076219558716,
          0.35418054461479187,
          0.382632851600647,
          0.4075087904930115,
          0.4314419627189636,
          0.4509752094745636,
          0.46898430585861206,
          0.48463353514671326,
          0.49885761737823486,
          0.5126510858535767,
          0.5254448056221008,
          0.5376881957054138,
          0.5492192506790161,
          0.5601227879524231,
          0.5704374313354492
        ],
        "top1": 0.10553228110074997,
        "top10_cum": 0.43144193291664124
      },
      "centroid": {
        "classes": [
          0,
          1,
          2,
          3
        ],
        "cosine_sim_matrix": [
          [
            1.0,
            0.9639832973480225,
            0.9667006134986877,
            0.9503879547119141
          ],
          [
            0.9639832973480225,
            1.0,
            0.9960050582885742,
            0.9909225106239319
          ],
          [
            0.9667006134986877,
            0.9960050582885742,
            0.9999997615814209,
            0.9944647550582886
          ],
          [
            0.9503879547119141,
            0.9909225106239319,
            0.9944647550582886,
            1.0
          ]
        ],
        "euclidean_matrix": [
          [
            0.0,
            1.6415663957595825,
            1.5885882377624512,
            1.9145636558532715
          ],
          [
            1.6415663957595825,
            0.0,
            0.5104618072509766,
            0.7681092619895935
          ],
          [
            1.5885882377624512,
            0.5104618072509766,
            0.0,
            0.5959612131118774
          ],
          [
            1.9145636558532715,
            0.7681092619895935,
            0.5959612131118774,
            0.0
          ]
        ],
        "cos_sim_offdiag_mean": 0.9770774245262146,
        "cos_sim_offdiag_min": 0.9503879547119141,
        "intra_class_std_mean": [
          0.18866592645645142,
          0.18301717936992645,
          0.1831464171409607,
          0.1816347986459732
        ]
      },
      "silhouette_cos": -0.0011796903563663363,
      "classes_ko": [
        "기쁨",
        "분노",
        "슬픔",
        "중립"
      ]
    },
    "cheek_right|mobilevitv2_150": {
      "pca": {
        "explained_variance_ratio": [
          0.10688872635364532,
          0.06294409185647964,
          0.05506419390439987,
          0.04508383944630623,
          0.0427633561193943,
          0.036438602954149246,
          0.030953917652368546,
          0.02621847204864025,
          0.024830929934978485,
          0.022452978417277336,
          0.01947588287293911,
          0.017606662586331367,
          0.016137737780809402,
          0.01481360662728548,
          0.013564460910856724,
          0.012092238292098045,
          0.011813068762421608,
          0.011497954837977886,
          0.010150360874831676,
          0.010051514022052288
        ],
        "cumulative": [
          0.10688872635364532,
          0.16983282566070557,
          0.22489702701568604,
          0.26998087763786316,
          0.31274423003196716,
          0.3491828441619873,
          0.38013675808906555,
          0.40635523200035095,
          0.43118616938591003,
          0.4536391496658325,
          0.4731150269508362,
          0.4907217025756836,
          0.5068594217300415,
          0.5216730237007141,
          0.5352374911308289,
          0.5473297238349915,
          0.5591427683830261,
          0.5706407427787781,
          0.5807911157608032,
          0.590842604637146
        ],
        "top1": 0.10688872635364532,
        "top10_cum": 0.45363911986351013
      },
      "centroid": {
        "classes": [
          0,
          1,
          2,
          3
        ],
        "cosine_sim_matrix": [
          [
            0.9999997019767761,
            0.9682827591896057,
            0.9745489358901978,
            0.9547892808914185
          ],
          [
            0.9682827591896057,
            0.9999998807907104,
            0.9946094155311584,
            0.9882462620735168
          ],
          [
            0.9745489358901978,
            0.9946094155311584,
            1.000000238418579,
            0.9929260611534119
          ],
          [
            0.9547892808914185,
            0.9882462620735168,
            0.9929260611534119,
            0.9999997615814209
          ]
        ],
        "euclidean_matrix": [
          [
            0.0,
            1.4812711477279663,
            1.3299577236175537,
            1.762940764427185
          ],
          [
            1.4812711477279663,
            0.0,
            0.6009586453437805,
            0.884026288986206
          ],
          [
            1.3299577236175537,
            0.6009586453437805,
            0.0,
            0.6802962422370911
          ],
          [
            1.762940764427185,
            0.884026288986206,
            0.6802962422370911,
            0.0
          ]
        ],
        "cos_sim_offdiag_mean": 0.9789004921913147,
        "cos_sim_offdiag_min": 0.9547892808914185,
        "intra_class_std_mean": [
          0.17435245215892792,
          0.172626793384552,
          0.17285513877868652,
          0.17088152468204498
        ]
      },
      "silhouette_cos": 0.0015180164482444525,
      "classes_ko": [
        "기쁨",
        "분노",
        "슬픔",
        "중립"
      ]
    },
    "eyes_left|convnext_base.fb_in22k_ft_in1k": {
      "pca": {
        "explained_variance_ratio": [
          0.14376559853553772,
          0.10019221901893616,
          0.08692530542612076,
          0.06925156712532043,
          0.05751154571771622,
          0.038505520671606064,
          0.034423381090164185,
          0.029976923018693924,
          0.02620195597410202,
          0.023127486929297447,
          0.018388601019978523,
          0.017511872574687004,
          0.01627238839864731,
          0.012491733767092228,
          0.011749367229640484,
          0.01093214750289917,
          0.01074561569839716,
          0.010028034448623657,
          0.008672607131302357,
          0.008332895115017891
        ],
        "cumulative": [
          0.14376559853553772,
          0.24395781755447388,
          0.33088311553001404,
          0.4001346826553345,
          0.4576462209224701,
          0.49615174531936646,
          0.530575156211853,
          0.5605520606040955,
          0.5867540240287781,
          0.6098815202713013,
          0.628270149230957,
          0.6457819938659668,
          0.6620543599128723,
          0.6745461225509644,
          0.6862955093383789,
          0.6972276568412781,
          0.707973301410675,
          0.7180013656616211,
          0.72667396068573,
          0.7350068688392639
        ],
        "top1": 0.14376559853553772,
        "top10_cum": 0.6098815202713013
      },
      "centroid": {
        "classes": [
          0,
          1,
          2,
          3
        ],
        "cosine_sim_matrix": [
          [
            0.9999998211860657,
            0.9772184491157532,
            0.9909154772758484,
            0.9763818979263306
          ],
          [
            0.9772184491157532,
            1.0,
            0.9765365123748779,
            0.9868521094322205
          ],
          [
            0.9909154772758484,
            0.9765365123748779,
            0.9999998211860657,
            0.9682173132896423
          ],
          [
            0.9763818979263306,
            0.9868521094322205,
            0.9682173132896423,
            1.000000238418579
          ]
        ],
        "euclidean_matrix": [
          [
            0.0,
            5.4164509773254395,
            3.4938344955444336,
            5.595639705657959
          ],
          [
            5.4164509773254395,
            0.0,
            5.346669673919678,
            4.257250785827637
          ],
          [
            3.4938344955444336,
            5.346669673919678,
            0.0,
            6.486819267272949
          ],
          [
            5.595639705657959,
            4.257250785827637,
            6.486819267272949,
            0.0
          ]
        ],
        "cos_sim_offdiag_mean": 0.9793536067008972,
        "cos_sim_offdiag_min": 0.9682173132896423,
        "intra_class_std_mean": [
          0.6698542833328247,
          0.6917235851287842,
          0.7000854015350342,
          0.6491729021072388
        ]
      },
      "silhouette_cos": -0.019679326564073563,
      "classes_ko": [
        "기쁨",
        "분노",
        "슬픔",
        "중립"
      ]
    },
    "eyes_right|convnext_base.fb_in22k_ft_in1k": {
      "pca": {
        "explained_variance_ratio": [
          0.1480378359556198,
          0.09929004311561584,
          0.08731664717197418,
          0.07057002931833267,
          0.05984131619334221,
          0.03731313347816467,
          0.03363475576043129,
          0.029721638187766075,
          0.026505786925554276,
          0.02364531345665455,
          0.01883501000702381,
          0.017433779314160347,
          0.015811916440725327,
          0.01235575694590807,
          0.011715680360794067,
          0.01085843238979578,
          0.010692217387259007,
          0.00960553903132677,
          0.00870160385966301,
          0.008234499022364616
        ],
        "cumulative": [
          0.1480378359556198,
          0.24732787907123566,
          0.33464452624320984,
          0.4052145481109619,
          0.4650558531284332,
          0.5023689866065979,
          0.5360037684440613,
          0.5657253861427307,
          0.5922311544418335,
          0.6158764958381653,
          0.634711503982544,
          0.652145266532898,
          0.6679571866989136,
          0.6803129315376282,
          0.6920286417007446,
          0.7028870582580566,
          0.7135792970657349,
          0.7231848239898682,
          0.7318864464759827,
          0.7401209473609924
        ],
        "top1": 0.1480378359556198,
        "top10_cum": 0.6158764958381653
      },
      "centroid": {
        "classes": [
          0,
          1,
          2,
          3
        ],
        "cosine_sim_matrix": [
          [
            0.9999998807907104,
            0.9775093793869019,
            0.9905849099159241,
            0.9754371643066406
          ],
          [
            0.9775093793869019,
            0.9999995827674866,
            0.9764219522476196,
            0.9845516681671143
          ],
          [
            0.9905849099159241,
            0.9764219522476196,
            1.0000003576278687,
            0.9665041565895081
          ],
          [
            0.9754371643066406,
            0.9845516681671143,
            0.9665041565895081,
            1.000000238418579
          ]
        ],
        "euclidean_matrix": [
          [
            0.0,
            5.381380558013916,
            3.551490306854248,
            5.7174506187438965
          ],
          [
            5.381380558013916,
            0.0,
            5.358291149139404,
            4.613511562347412
          ],
          [
            3.551490306854248,
            5.358291149139404,
            0.0,
            6.673717021942139
          ],
          [
            5.7174506187438965,
            4.613511562347412,
            6.673717021942139,
            0.0
          ]
        ],
        "cos_sim_offdiag_mean": 0.9785014986991882,
        "cos_sim_offdiag_min": 0.9665041565895081,
        "intra_class_std_mean": [
          0.6690531969070435,
          0.6920614242553711,
          0.7001715898513794,
          0.6467329263687134
        ]
      },
      "silhouette_cos": -0.021021602675318718,
      "classes_ko": [
        "기쁨",
        "분노",
        "슬픔",
        "중립"
      ]
    },
    "nose|convnext_base.fb_in22k_ft_in1k": {
      "pca": {
        "explained_variance_ratio": [
          0.16792015731334686,
          0.1123906746506691,
          0.09379614889621735,
          0.07503766566514969,
          0.06330575048923492,
          0.056381501257419586,
          0.03453722968697548,
          0.025002971291542053,
          0.02246958203613758,
          0.018304625526070595,
          0.016559306532144547,
          0.01574728824198246,
          0.012073969468474388,
          0.011266960762441158,
          0.010821279138326645,
          0.010134344920516014,
          0.008762896992266178,
          0.00838296115398407,
          0.00765868229791522,
          0.006988659966737032
        ],
        "cumulative": [
          0.16792015731334686,
          0.28031083941459656,
          0.3741070032119751,
          0.4491446614265442,
          0.5124503970146179,
          0.5688319206237793,
          0.6033691763877869,
          0.6283721327781677,
          0.6508417129516602,
          0.6691463589668274,
          0.6857056617736816,
          0.7014529705047607,
          0.7135269641876221,
          0.7247939109802246,
          0.7356151938438416,
          0.7457495331764221,
          0.7545124292373657,
          0.762895405292511,
          0.7705540657043457,
          0.7775427103042603
        ],
        "top1": 0.16792015731334686,
        "top10_cum": 0.6691463589668274
      },
      "centroid": {
        "classes": [
          0,
          1,
          2,
          3
        ],
        "cosine_sim_matrix": [
          [
            1.0,
            0.9566193222999573,
            0.9352865219116211,
            0.9150499701499939
          ],
          [
            0.9566193222999573,
            1.000000238418579,
            0.987525463104248,
            0.9701110124588013
          ],
          [
            0.9352865219116211,
            0.987525463104248,
            1.000000238418579,
            0.9929510354995728
          ],
          [
            0.9150499701499939,
            0.9701110124588013,
            0.9929510354995728,
            1.0000003576278687
          ]
        ],
        "euclidean_matrix": [
          [
            0.0,
            7.945267677307129,
            9.74737548828125,
            11.34788703918457
          ],
          [
            7.945267677307129,
            0.0,
            4.240994930267334,
            6.756483554840088
          ],
          [
            9.74737548828125,
            4.240994930267334,
            0.0,
            3.354637384414673
          ],
          [
            11.34788703918457,
            6.756483554840088,
            3.354637384414673,
            0.0
          ]
        ],
        "cos_sim_offdiag_mean": 0.959590494632721,
        "cos_sim_offdiag_min": 0.9150499701499939,
        "intra_class_std_mean": [
          0.5796390175819397,
          0.6137287020683289,
          0.5865768790245056,
          0.5469846129417419
        ]
      },
      "silhouette_cos": 0.0025546622928231955,
      "classes_ko": [
        "기쁨",
        "분노",
        "슬픔",
        "중립"
      ]
    },
    "mouth|convnext_base.fb_in22k_ft_in1k": {
      "pca": {
        "explained_variance_ratio": [
          0.1768263429403305,
          0.13817515969276428,
          0.06536854803562164,
          0.058526698499917984,
          0.047264959663152695,
          0.03681471198797226,
          0.033519670367240906,
          0.02805986814200878,
          0.023677296936511993,
          0.021199746057391167,
          0.018356114625930786,
          0.016167055815458298,
          0.013372790068387985,
          0.013123695738613605,
          0.011697600595653057,
          0.011028501205146313,
          0.009720269590616226,
          0.009548451751470566,
          0.00846386794000864,
          0.008132020942866802
        ],
        "cumulative": [
          0.1768263429403305,
          0.3150014877319336,
          0.38037002086639404,
          0.43889671564102173,
          0.4861616790294647,
          0.5229763984680176,
          0.5564960837364197,
          0.5845559239387512,
          0.6082332134246826,
          0.6294329762458801,
          0.6477891206741333,
          0.6639561653137207,
          0.6773289442062378,
          0.6904526352882385,
          0.7021502256393433,
          0.7131787538528442,
          0.7228990197181702,
          0.7324474453926086,
          0.7409113049507141,
          0.749043345451355
        ],
        "top1": 0.1768263429403305,
        "top10_cum": 0.6294329762458801
      },
      "centroid": {
        "classes": [
          0,
          1,
          2,
          3
        ],
        "cosine_sim_matrix": [
          [
            0.9999997019767761,
            0.9514345526695251,
            0.9133368730545044,
            0.8992897272109985
          ],
          [
            0.9514345526695251,
            0.9999999403953552,
            0.9781082272529602,
            0.9717530012130737
          ],
          [
            0.9133368730545044,
            0.9781082272529602,
            1.0000004768371582,
            0.9913763999938965
          ],
          [
            0.8992897272109985,
            0.9717530012130737,
            0.9913763999938965,
            1.0000001192092896
          ]
        ],
        "euclidean_matrix": [
          [
            0.0,
            8.729131698608398,
            11.591341018676758,
            12.640353202819824
          ],
          [
            8.729131698608398,
            0.0,
            5.622913360595703,
            6.609060764312744
          ],
          [
            11.591341018676758,
            5.622913360595703,
            0.0,
            3.7436656951904297
          ],
          [
            12.640353202819824,
            6.609060764312744,
            3.7436656951904297,
            0.0
          ]
        ],
        "cos_sim_offdiag_mean": 0.9508830904960632,
        "cos_sim_offdiag_min": 0.8992897272109985,
        "intra_class_std_mean": [
          0.5311905741691589,
          0.6016730070114136,
          0.5831955075263977,
          0.5380796790122986
        ]
      },
      "silhouette_cos": 0.019407082349061966,
      "classes_ko": [
        "기쁨",
        "분노",
        "슬픔",
        "중립"
      ]
    },
    "forehead|convnext_base.fb_in22k_ft_in1k": {
      "pca": {
        "explained_variance_ratio": [
          0.15294229984283447,
          0.07963605225086212,
          0.0585322342813015,
          0.05046903342008591,
          0.045263487845659256,
          0.03662894666194916,
          0.0329289436340332,
          0.027412990108132362,
          0.02375129796564579,
          0.020076539367437363,
          0.019535763189196587,
          0.016061026602983475,
          0.015266014263033867,
          0.013567429035902023,
          0.013458216562867165,
          0.011440569534897804,
          0.011074176989495754,
          0.009875022806227207,
          0.009546075947582722,
          0.00852170865982771
        ],
        "cumulative": [
          0.15294229984283447,
          0.2325783520936966,
          0.2911105751991272,
          0.3415796160697937,
          0.38684311509132385,
          0.4234720468521118,
          0.456400990486145,
          0.48381397128105164,
          0.5075652599334717,
          0.527641773223877,
          0.5471775531768799,
          0.5632385611534119,
          0.5785045623779297,
          0.5920720100402832,
          0.6055302023887634,
          0.6169707775115967,
          0.6280449628829956,
          0.6379199624061584,
          0.6474660634994507,
          0.6559877991676331
        ],
        "top1": 0.15294229984283447,
        "top10_cum": 0.527641773223877
      },
      "centroid": {
        "classes": [
          0,
          1,
          2,
          3
        ],
