{
  "per_au": [
    {
      "AU": "AU1",
      "acc": 29.699478386920465,
      "acc_std": 0.4988226766463806,
      "f1": 0.21322326038853742
    },
    {
      "AU": "AU2",
      "acc": 30.115462618938054,
      "acc_std": 0.4016240253479783,
      "f1": 0.26896502975460146
    },
    {
      "AU": "AU4",
      "acc": 34.156935896972975,
      "acc_std": 0.23188647003196008,
      "f1": 0.28343825061862854
    },
    {
      "AU": "AU5",
      "acc": 32.37467274770333,
      "acc_std": 0.15113593674987463,
      "f1": 0.23253382481260546
    },
    {
      "AU": "AU6",
      "acc": 43.383772545032976,
      "acc_std": 0.08582812394633779,
      "f1": 0.3468337511997306
    },
    {
      "AU": "AU7",
      "acc": 40.71937561974634,
      "acc_std": 0.39460310578136126,
      "f1": 0.3265695074559582
    },
    {
      "AU": "AU9",
      "acc": 35.79574156149689,
      "acc_std": 0.12358200658300438,
      "f1": 0.26792766240281124
    },
    {
      "AU": "AU10",
      "acc": 41.80589915182129,
      "acc_std": 0.6867149983795647,
      "f1": 0.3389821039065768
    },
    {
      "AU": "AU11",
      "acc": 30.26967780443221,
      "acc_std": 0.19020923456242445,
      "f1": 0.2131088849280994
    },
    {
      "AU": "AU12",
      "acc": 43.1291731129544,
      "acc_std": 0.3659770743821564,
      "f1": 0.35164140829697327
    },
    {
      "AU": "AU13",
      "acc": 26.81272735605451,
      "acc_std": 0.20225389270666763,
      "f1": 0.15257565685419328
    },
    {
      "AU": "AU14",
      "acc": 31.478161551145796,
      "acc_std": 0.1277037620375891,
      "f1": 0.23389352940304461
    },
    {
      "AU": "AU15",
      "acc": 36.60618266503345,
      "acc_std": 0.061878802478992606,
      "f1": 0.2930007778371546
    },
    {
      "AU": "AU16",
      "acc": 34.7808971998036,
      "acc_std": 0.2263819538859576,
      "f1": 0.2667751459663153
    },
    {
      "AU": "AU17",
      "acc": 30.362913654155545,
      "acc_std": 0.27988480451852316,
      "f1": 0.2525234977206157
    },
    {
      "AU": "AU18",
      "acc": 30.10114036411534,
      "acc_std": 0.34516858490186275,
      "f1": 0.20100964412416544
    },
    {
      "AU": "AU19",
      "acc": 30.133410765940887,
      "acc_std": 0.247692136771924,
      "f1": 0.21265044034129624
    },
    {
      "AU": "AU20",
      "acc": 32.61851255016222,
      "acc_std": 0.2664569292178187,
      "f1": 0.23940787076187345
    },
    {
      "AU": "AU22",
      "acc": 31.144658554297106,
      "acc_std": 0.14945440827221357,
      "f1": 0.2255373536713481
    },
    {
      "AU": "AU23",
      "acc": 28.225637893154108,
      "acc_std": 0.2893365547218486,
      "f1": 0.20226859072060135
    },
    {
      "AU": "AU24",
      "acc": 32.475070882160786,
      "acc_std": 0.47719100757056176,
      "f1": 0.2361968662196494
    },
    {
      "AU": "AU25",
      "acc": 39.51445449823578,
      "acc_std": 0.28216643045745543,
      "f1": 0.308086879248941
    },
    {
      "AU": "AU26",
      "acc": 33.03447556459604,
      "acc_std": 0.5643212054967726,
      "f1": 0.25107869103551345
    },
    {
      "AU": "AU27",
      "acc": 30.136980720854684,
      "acc_std": 0.28557898208962457,
      "f1": 0.20846007683167037
    },
    {
      "AU": "AU32",
      "acc": 30.015056768995603,
      "acc_std": 0.2453958942148548,
      "f1": 0.21237131913669702
    },
    {
      "AU": "AU38",
      "acc": 35.508844723395235,
      "acc_std": 0.2572184382156018,
      "f1": 0.26196572530154966
    },
    {
      "AU": "AU39",
      "acc": 29.10420480045132,
      "acc_std": 0.14390221648263754,
      "f1": 0.2065116297081729
    },
    {
      "AU": "AUL1",
      "acc": 34.81316798740339,
      "acc_std": 0.14934278491764919,
      "f1": 0.26573068267722905
    },
    {
      "AU": "AUR1",
      "acc": 28.627255892084435,
      "acc_std": 0.4051968560096975,
      "f1": 0.17066261799191199
    },
    {
      "AU": "AUL2",
      "acc": 28.849615012729007,
      "acc_std": 0.3591837483223534,
      "f1": 0.20673040119622135
    },
    {
      "AU": "AUR2",
      "acc": 30.162086137526362,
      "acc_std": 0.3675189613357972,
      "f1": 0.20266674854914188
    },
    {
      "AU": "AUL4",
      "acc": 29.67441193344808,
      "acc_std": 0.5082640646507371,
      "f1": 0.19548964003638614
    },
    {
      "AU": "AUR4",
      "acc": 31.922833499524877,
      "acc_std": 0.11596798744169978,
      "f1": 0.22467303416399376
    },
    {
      "AU": "AUL6",
      "acc": 30.642620431777058,
      "acc_std": 0.17336816425812016,
      "f1": 0.21163661425658695
    },
    {
      "AU": "AUR6",
      "acc": 29.071934398625782,
      "acc_std": 0.17331811777836392,
      "f1": 0.1871964140690363
    },
    {
      "AU": "AUL10",
      "acc": 30.49917529180736,
      "acc_std": 0.23717995097349473,
      "f1": 0.2106425720049958
    },
    {
      "AU": "AUR10",
      "acc": 29.76045077875477,
      "acc_std": 0.055815859382361215,
      "f1": 0.21023689585499897
    },
    {
      "AU": "AUL12",
      "acc": 28.078601194912594,
      "acc_std": 0.15231044417691988,
      "f1": 0.18417938493714206
    },
    {
      "AU": "AUR12",
      "acc": 30.058100302539597,
      "acc_std": 0.2370297878100227,
      "f1": 0.19929789527869457
    },
    {
      "AU": "AUL14",
      "acc": 31.897708022592177,
      "acc_std": 0.3639351607073729,
      "f1": 0.23050679122825488
    },
    {
      "AU": "AUR14",
      "acc": 30.78603470980672,
      "acc_std": 0.5126365918832073,
      "f1": 0.2106679825163278
    }
  ],
  "all_au": {
    "acc_mean": 0.5989743381425495,
    "acc_std": 0.0014913707139156452,
    "f1_mean": 0.5847080766587633,
    "f1_std": 0.002079035152261609,
    "cm_normalized": [
      [
        0.7224,
        0.1052,
        0.08786666666666666,
        0.08453333333333334
      ],
      [
        0.13226666666666667,
        0.5509333333333333,
        0.1184,
        0.1984
      ],
      [
        0.16914222057185296,
        0.20163386557742297,
        0.40958039361307097,
        0.21964352023765318
      ],
      [
        0.09066666666666666,
        0.16493333333333332,
        0.0848,
        0.6596
      ]
    ]
  },
  "eye_group": {
    "acc_mean": 0.5388367270665696,
    "acc_std": 0.0007354225458971962,
    "f1_mean": 0.5175791189540072,
    "f1_std": 0.0021808907742827586,
    "cm_normalized": [
      [
        0.6968,
        0.11426666666666667,
        0.09026666666666666,
        0.09866666666666667
      ],
      [
        0.17946666666666666,
        0.4641333333333333,
        0.13226666666666667,
        0.22413333333333335
      ],
      [
        0.2129595246936502,
        0.25937616041589306,
        0.3018937987374675,
        0.22577051615298924
      ],
      [
        0.1312,
        0.17813333333333334,
        0.06493333333333334,
        0.6257333333333333
      ]
    ],
    "n_feature": 14,
    "au_list": [
      "AU1",
      "AU2",
      "AU4",
      "AU5",
      "AU6",
      "AU7",
      "AUL1",
      "AUR1",
      "AUL2",
      "AUR2",
      "AUL4",
      "AUR4",
      "AUL6",
      "AUR6"
    ]
  },
  "mouth_group": {
    "acc_mean": 0.5511366066741414,
    "acc_std": 0.0032504202074648374,
    "f1_mean": 0.5276168862205382,
    "f1_std": 0.002708008926135937,
    "cm_normalized": [
      [
        0.7104,
        0.1396,
        0.0812,
        0.0688
      ],
      [
        0.1568,
        0.5201333333333333,
        0.07933333333333334,
        0.24373333333333336
      ],
      [
        0.19513553657630894,
        0.23208317861121427,
        0.27701448199034534,
        0.29576680282213147
      ],
      [
        0.09413333333333333,
        0.22426666666666664,
        0.06186666666666666,
        0.6197333333333334
      ]
    ],
    "n_feature": 19,
    "au_list": [
      "AU10",
      "AU12",
      "AU14",
      "AU15",
      "AU17",
      "AU18",
      "AU20",
      "AU22",
      "AU23",
      "AU24",
      "AU25",
      "AU26",
      "AU27",
      "AUL10",
      "AUR10",
      "AUL12",
      "AUR12",
      "AUL14",
      "AUR14"
    ]
  },
  "ekman_기쁨 (Happy, AU6+12)": {
    "acc_mean": 0.44990307421957104,
    "acc_std": 0.0026011535798576573,
    "f1_mean": 0.4130362449845848,
    "f1_std": 0.00164813515596905,
    "cm_normalized": [
      [
        0.6862666666666667,
        0.16546666666666668,
        0.1008,
        0.04746666666666667
      ],
      [
        0.21226666666666666,
        0.2104,
        0.12986666666666669,
        0.4474666666666667
      ],
      [
        0.21778685480876345,
        0.2155588562940958,
        0.1994058670627553,
        0.36724842183438544
      ],
      [
        0.13066666666666668,
        0.17306666666666667,
        0.06333333333333334,
        0.6329333333333333
      ]
    ],
    "au_list": [
      "AU6",
      "AU12"
    ]
  },
  "ekman_슬픔 (Sad, AU1+4+15)": {
    "acc_mean": 0.43609680788781807,
    "acc_std": 0.003220589231262772,
    "f1_mean": 0.4172157875372315,
    "f1_std": 0.003547988679638995,
    "cm_normalized": [
      [
        0.3718666666666667,
        0.25373333333333337,
        0.086,
        0.2884
      ],
      [
        0.13013333333333332,
        0.482,
        0.09066666666666666,
        0.2972
      ],
      [
        0.16078722614184926,
        0.376717415521723,
        0.22855551429632381,
        0.23393984404010398
      ],
      [
        0.1404,
        0.2308,
        0.025333333333333333,
        0.6034666666666667
      ]
    ],
    "au_list": [
      "AU1",
      "AU4",
      "AU15"
    ]
  },
  "ekman_분노 (Anger, AU4+5+7+23)": {
    "acc_mean": 0.4866600768709202,
    "acc_std": 0.0032718393510465836,
    "f1_mean": 0.47202897083059964,
    "f1_std": 0.00402755226934096,
    "cm_normalized": [
      [
        0.5801333333333334,
        0.14253333333333335,
        0.1202666666666667,
        0.15706666666666672
      ],
      [
        0.19973333333333332,
        0.396,
        0.15986666666666668,
        0.2444
      ],
      [
        0.23431117712588193,
        0.20441886372075752,
        0.3221314519123654,
        0.23913850724099517
      ],
      [
        0.13266666666666668,
        0.19466666666666668,
        0.07066666666666667,
        0.602
      ]
    ],
    "au_list": [
      "AU4",
      "AU5",
      "AU7",
      "AU23"
    ]
  }
}