{
  "per_au": [
    {
      "AU": "AU1",
      "acc": 29.856666666666666,
      "acc_std": 0.3912657522565551,
      "f1": 0.23349327974718606
    },
    {
      "AU": "AU2",
      "acc": 31.61666666666667,
      "acc_std": 0.2984776187403168,
      "f1": 0.2548420143417989
    },
    {
      "AU": "AU4",
      "acc": 34.99,
      "acc_std": 0.1964688270438838,
      "f1": 0.3148618709861398
    },
    {
      "AU": "AU5",
      "acc": 32.99,
      "acc_std": 0.1964688270438838,
      "f1": 0.27156386727106113
    },
    {
      "AU": "AU6",
      "acc": 40.7,
      "acc_std": 0.2758018612458331,
      "f1": 0.356118767731259
    },
    {
      "AU": "AU7",
      "acc": 37.61666666666667,
      "acc_std": 0.09104333522498381,
      "f1": 0.3357087373511674
    },
    {
      "AU": "AU9",
      "acc": 32.62,
      "acc_std": 0.26166135875720553,
      "f1": 0.25532320995827074
    },
    {
      "AU": "AU10",
      "acc": 39.14666666666666,
      "acc_std": 0.5974575763646782,
      "f1": 0.36325999890039146
    },
    {
      "AU": "AU11",
      "acc": 29.606666666666666,
      "acc_std": 0.4938510796676356,
      "f1": 0.23403200852439363
    },
    {
      "AU": "AU12",
      "acc": 40.24,
      "acc_std": 0.3397057550292608,
      "f1": 0.3635695768540345
    },
    {
      "AU": "AU13",
      "acc": 26.700000000000003,
      "acc_std": 0.13928388277184217,
      "f1": 0.16870373802420793
    },
    {
      "AU": "AU14",
      "acc": 29.363333333333337,
      "acc_std": 0.4028509512076268,
      "f1": 0.24382191515103369
    },
    {
      "AU": "AU15",
      "acc": 33.790000000000006,
      "acc_std": 0.290631496343164,
      "f1": 0.2981983272845445
    },
    {
      "AU": "AU16",
      "acc": 33.02333333333333,
      "acc_std": 0.5076963221804517,
      "f1": 0.28184625055348617
    },
    {
      "AU": "AU17",
      "acc": 30.42666666666667,
      "acc_std": 0.2444494948973194,
      "f1": 0.2433364640440027
    },
    {
      "AU": "AU18",
      "acc": 28.560000000000002,
      "acc_std": 0.25806975801127985,
      "f1": 0.20972379648625003
    },
    {
      "AU": "AU19",
      "acc": 29.733333333333334,
      "acc_std": 0.09030811456095951,
      "f1": 0.23199706623968566
    },
    {
      "AU": "AU20",
      "acc": 31.923333333333332,
      "acc_std": 0.306521704868603,
      "f1": 0.2594544983395595
    },
    {
      "AU": "AU22",
      "acc": 30.856666666666673,
      "acc_std": 0.3445125380721132,
      "f1": 0.2542770686899913
    },
    {
      "AU": "AU23",
      "acc": 28.17,
      "acc_std": 0.17907168024751058,
      "f1": 0.21152335335287278
    },
    {
      "AU": "AU24",
      "acc": 30.926666666666662,
      "acc_std": 0.2940899333348386,
      "f1": 0.2421360212173728
    },
    {
      "AU": "AU25",
      "acc": 37.46333333333333,
      "acc_std": 0.319617827343149,
      "f1": 0.3366617891443316
    },
    {
      "AU": "AU26",
      "acc": 33.053333333333335,
      "acc_std": 0.5184806864505387,
      "f1": 0.28321635142621077
    },
    {
      "AU": "AU27",
      "acc": 30.383333333333333,
      "acc_std": 0.1906713286143343,
      "f1": 0.23433362116117631
    },
    {
      "AU": "AU32",
      "acc": 26.35,
      "acc_std": 0.2727636339397168,
      "f1": 0.20932990407759244
    },
    {
      "AU": "AU38",
      "acc": 32.56666666666666,
      "acc_std": 0.24850665092821161,
      "f1": 0.26259061546539436
    },
    {
      "AU": "AU39",
      "acc": 26.80666666666667,
      "acc_std": 0.20038851153585405,
      "f1": 0.1762255660055445
    },
    {
      "AU": "AUL1",
      "acc": 31.553333333333335,
      "acc_std": 0.25037749277618637,
      "f1": 0.2602514519936738
    },
    {
      "AU": "AUR1",
      "acc": 26.87333333333333,
      "acc_std": 0.09533566430716817,
      "f1": 0.16916766061749247
    },
    {
      "AU": "AUL2",
      "acc": 26.753333333333334,
      "acc_std": 0.3299831645537225,
      "f1": 0.19891187269791652
    },
    {
      "AU": "AUR2",
      "acc": 30.106666666666666,
      "acc_std": 0.3332999983331685,
      "f1": 0.22909469616825504
    },
    {
      "AU": "AUL4",
      "acc": 27.666666666666668,
      "acc_std": 0.31436002007606384,
      "f1": 0.1925730301964694
    },
    {
      "AU": "AUR4",
      "acc": 30.2,
      "acc_std": 0.0697614984548537,
      "f1": 0.23398637926160318
    },
    {
      "AU": "AUL6",
      "acc": 28.19333333333333,
      "acc_std": 0.1265789169736498,
      "f1": 0.20367286982450505
    },
    {
      "AU": "AUR6",
      "acc": 28.240000000000006,
      "acc_std": 0.22015146301277635,
      "f1": 0.20193912599806949
    },
    {
      "AU": "AUL10",
      "acc": 27.950000000000003,
      "acc_std": 0.2940521495698791,
      "f1": 0.2006935893471944
    },
    {
      "AU": "AUR10",
      "acc": 32.11666666666667,
      "acc_std": 0.2604269997949944,
      "f1": 0.26435100179780474
    },
    {
      "AU": "AUL12",
      "acc": 31.12333333333333,
      "acc_std": 0.4391152721350305,
      "f1": 0.23769933688737177
    },
    {
      "AU": "AUR12",
      "acc": 30.11,
      "acc_std": 0.3398038649966581,
      "f1": 0.21881569032168127
    },
    {
      "AU": "AUL14",
      "acc": 28.973333333333333,
      "acc_std": 0.11897712198383052,
      "f1": 0.22615759743084674
    },
    {
      "AU": "AUR14",
      "acc": 28.26666666666667,
      "acc_std": 0.0980929264637482,
      "f1": 0.20199446246742866
    }
  ],
  "all_au": {
    "acc_mean": 0.6041333333333333,
    "acc_std": 0.0036380703065712846,
    "f1_mean": 0.6026720541328614,
    "f1_std": 0.003420157934649845,
    "cm_normalized": [
      [
        0.7309333333333333,
        0.10866666666666668,
        0.07466666666666666,
        0.08573333333333334
      ],
      [
        0.14026666666666668,
        0.5128,
        0.16946666666666668,
        0.17746666666666666
      ],
      [
        0.09413333333333333,
        0.1408,
        0.5766666666666667,
        0.1884
      ],
      [
        0.09573333333333334,
        0.1536,
        0.15453333333333333,
        0.5961333333333333
      ]
    ]
  },
  "eye_group": {
    "acc_mean": 0.5438666666666667,
    "acc_std": 0.0020757863302587006,
    "f1_mean": 0.5352885994198898,
    "f1_std": 0.0019872479373150686,
    "cm_normalized": [
      [
        0.7072,
        0.0924,
        0.11013333333333332,
        0.09026666666666666
      ],
      [
        0.18666666666666665,
        0.32519999999999993,
        0.30759999999999993,
        0.1805333333333333
      ],
      [
        0.1116,
        0.09946666666666666,
        0.5906666666666667,
        0.19826666666666667
      ],
      [
        0.13986666666666667,
        0.14013333333333333,
        0.1676,
        0.5524
      ]
    ],
    "n_feature": 14,
    "au_list": [
      "AU1",
      "AU2",
      "AU4",
      "AU5",
      "AU6",
      "AU7",
      "AUL1",
      "AUR1",
      "AUL2",
      "AUR2",
      "AUL4",
      "AUR4",
      "AUL6",
      "AUR6"
    ]
  },
  "mouth_group": {
    "acc_mean": 0.5537333333333333,
    "acc_std": 0.006549469868283623,
    "f1_mean": 0.5517160542165794,
    "f1_std": 0.006687018790414205,
    "cm_normalized": [
      [
        0.7134666666666667,
        0.14373333333333332,
        0.07746666666666667,
        0.06533333333333334
      ],
      [
        0.15826666666666667,
        0.4984,
        0.13826666666666668,
        0.20506666666666665
      ],
      [
        0.114,
        0.15853333333333333,
        0.4610666666666667,
        0.2664
      ],
      [
        0.09773333333333334,
        0.20946666666666666,
        0.1508,
        0.542
      ]
    ],
    "n_feature": 19,
    "au_list": [
      "AU10",
      "AU12",
      "AU14",
      "AU15",
      "AU17",
      "AU18",
      "AU20",
      "AU22",
      "AU23",
      "AU24",
      "AU25",
      "AU26",
      "AU27",
      "AUL10",
      "AUR10",
      "AUL12",
      "AUR12",
      "AUL14",
      "AUR14"
    ]
  },
  "ekman_기쁨 (Happy, AU6+12)": {
    "acc_mean": 0.4472333333333333,
    "acc_std": 0.0029679772386069416,
    "f1_mean": 0.42215565869048843,
    "f1_std": 0.0026331326263717243,
    "cm_normalized": [
      [
        0.6930666666666667,
        0.1184,
        0.14226666666666668,
        0.04626666666666667
      ],
      [
        0.21746666666666664,
        0.12906666666666666,
        0.2692,
        0.38426666666666665
      ],
      [
        0.13546666666666668,
        0.08973333333333333,
        0.38,
        0.3948
      ],
      [
        0.13266666666666668,
        0.11053333333333333,
        0.17,
        0.5868
      ]
    ],
    "au_list": [
      "AU6",
      "AU12"
    ]
  },
  "ekman_슬픔 (Sad, AU1+4+15)": {
    "acc_mean": 0.43873333333333336,
    "acc_std": 0.0046449494674921385,
    "f1_mean": 0.43301718412483386,
    "f1_std": 0.004970560083308914,
    "cm_normalized": [
      [
        0.3406666666666667,
        0.15426666666666666,
        0.2244,
        0.2806666666666667
      ],
      [
        0.10733333333333332,
        0.338,
        0.2724,
        0.28226666666666667
      ],
      [
        0.0976,
        0.17973333333333333,
        0.48693333333333333,
        0.23573333333333335
      ],
      [
        0.1276,
        0.16386666666666666,
        0.1192,
        0.5893333333333333
      ]
    ],
    "au_list": [
      "AU1",
      "AU4",
      "AU15"
    ]
  },
  "ekman_분노 (Anger, AU4+5+7+23)": {
    "acc_mean": 0.4919,
    "acc_std": 0.0014165686240583924,
    "f1_mean": 0.48716503685438406,
    "f1_std": 0.0017122193877871933,
    "cm_normalized": [
      [
        0.5529333333333333,
        0.10213333333333334,
        0.212,
        0.13293333333333332
      ],
      [
        0.17439999999999997,
        0.3225333333333333,
        0.2957333333333333,
        0.20733333333333331
      ],
      [
        0.16093333333333332,
        0.0824,
        0.544,
        0.21266666666666664
      ],
      [
        0.11893333333333332,
        0.1652,
        0.16773333333333332,
        0.5481333333333333
      ]
    ],
    "au_list": [
      "AU4",
      "AU5",
      "AU7",
      "AU23"
    ]
  }
}